#Real - RQ1, RQ2


./sample_data/real/modi_BPI_2012_2012-03-01.csv, 1.0, 1.0 
 5382, 1027.273402929306, 993.013580083847, 34.259822845458984, 0.0% 
./sample_data/real/modi_BPI_2012_2012-03-02.csv, 1.0, 1.0 
 4318, 874.610246181488, 844.8669092655182, 29.74333691596985, 0.0% 
./sample_data/real/modi_BPI_2012_2012-03-03.csv, 1.0, 1.0 
 2546, 662.3981909751892, 640.3123481273651, 22.085842847824097, 0.0% 
./sample_data/real/modi_BPI_2012_2012-03-04.csv, 1.0, 1.0 
 142, 28.644959926605225, 19.12975287437439, 9.515207052230835, 0.0% 
./sample_data/real/modi_BPI_2012_2012-03-05.csv, 1.0, 1.0 
 2128, 396.00407791137695, 377.14572381973267, 18.858354091644287, 0.0% 
./sample_data/real/modi_BPI_2012_2012-03-06.csv, 1.0, 1.0 
 3292, 564.4862401485443, 541.1868982315063, 23.299341917037964, 0.0% 
./sample_data/real/modi_BPI_2012_2012-03-07.csv, 1.0, 1.0 
 1751, 272.916934967041, 256.0008578300476, 16.916077136993408, 0.0% 
./sample_data/real/modi_BPI_2012_2012-03-08.csv, 1.0, 1.0 
 2561, 500.3129301071167, 479.2459886074066, 21.066941499710083, 0.0% 
./sample_data/real/modi_BPI_2012_2012-03-09.csv, 1.0, 1.0 
 3649, 594.5686988830566, 570.5507881641388, 24.017910718917847, 0.0% 
./sample_data/real/modi_BPI_2012_2012-03-10.csv, 1.0, 1.0 
 1598, 316.60033774375916, 299.2773494720459, 17.322988271713257, 0.0% 
./sample_data/real/modi_BPI_2012_2012-03-11.csv, 1.0, 1.0 
 188, 34.26242685317993, 24.33253288269043, 9.929893970489502, 0.0% 
./sample_data/real/modi_BPI_2012_2012-03-12.csv, 1.0, 1.0 
 1698, 250.3946349620819, 233.97707200050354, 16.41756296157837, 0.0% 
./sample_data/real/modi_BPI_2012_2012-03-13.csv, 1.0, 1.0 
 1835, 283.6347870826721, 266.1824028491974, 17.45238423347473, 0.0% 
./sample_data/real/modi_BPI_2012_2012-03-14.csv, 1.0, 1.0 
 2244, 385.8655638694763, 366.8752682209015, 18.99029564857483, 0.0% 
./sample_data/real/modi_BPI_2012_2012-03-15.csv, 1.0, 1.0 
 20, 9.958833932876587, 0.8907203674316406, 9.068113565444946, 0.0% 
./sample_data/real/modi_BPI_2012_2012-03-01.csv, 0.8, 0.8 
 5394, 1090.2402682304382, 1054.6297614574432, 35.610506772994995, 0.0% 
./sample_data/real/modi_BPI_2012_2012-03-02.csv, 0.8, 0.8 
 4318, 1038.046780347824, 1001.8265192508698, 36.220261096954346, 0.0% 
./sample_data/real/modi_BPI_2012_2012-03-01.csv, 0.7, 0.7 
 5396, 1089.2062649726868, 1051.6857597827911, 37.52050518989563, 0.0% 
./sample_data/real/modi_BPI_2012_2012-03-02.csv, 0.7, 0.7 
 4315, 1037.1634409427643, 1001.5133221149445, 35.650118827819824, 0.0% 
./sample_data/real/modi_BPI_2012_2012-03-02.csv, 0.6, 0.6 
 4320, 1058.0198199748993, 1021.0209224224091, 36.998897552490234, 0.0% 
./sample_data/real/modi_BPI_2012_2012-03-01.csv, 0.6, 0.6 
 5398, 1104.3295612335205, 1067.0680453777313, 37.261515855789185, 0.0% 
./sample_data/real/modi_BPI_2012_2012-03-02.csv, 0.0, 0.0 
 4318, 886.6273109912872, 856.7472188472748, 29.88009214401245, 0.0% 
./sample_data/real/modi_BPI_2012_2012-03-02.csv, 0.1, 0.1 
 4318, 914.4447722434998, 883.9204094409943, 30.524362802505493, 0.0% 
./sample_data/real/modi_BPI_2012_2012-03-02.csv, 1.0, 1.0 
 4099, 909.1147410869598, 895.7366564273834, 13.378084659576416, 0.0% 
./sample_data/real/modi_BPI_2012_2012-03-01.csv, 1.0, 1.0 
 5117, 984.920095205307, 967.6165065765381, 17.30358862876892, 0.0% 
./sample_data/real/modi_BPI_2012_2012-03-03.csv, 1.0, 1.0 
 2398, 1808.6359560489655, 1797.1269400119781, 11.509016036987305, 0.0% 
./sample_data/real/modi_BPI_2012_2012-03-04.csv, 1.0, 1.0 
 142, 26.230057954788208, 16.83469581604004, 9.395362138748169, 0.0% 
./sample_data/real/modi_BPI_2012_2012-03-05.csv, 1.0, 1.0 
 2057, 391.31363797187805, 381.1103255748749, 10.203312397003174, 0.0% 
./sample_data/real/modi_BPI_2012_2012-03-06.csv, 1.0, 1.0 
 3094, 580.9856581687927, 570.1774566173553, 10.808201551437378, 0.0% 
./sample_data/real/modi_BPI_2012_2012-03-07.csv, 1.0, 1.0 
 1683, 293.9359829425812, 282.0980281829834, 11.837954759597778, 0.0% 
./sample_data/real/modi_BPI_2012_2012-03-08.csv, 1.0, 1.0 
 2417, 495.8772599697113, 484.90092420578003, 10.976335763931274, 0.0% 
./sample_data/real/modi_BPI_2012_2012-03-09.csv, 1.0, 1.0 
 3432, 583.3465049266815, 570.668319940567, 12.678184986114502, 0.0% 
./sample_data/real/modi_BPI_2012_2012-03-10.csv, 1.0, 1.0 
 1540, 318.6781120300293, 308.1370642185211, 10.541047811508179, 0.0% 
./sample_data/real/modi_BPI_2012_2012-03-11.csv, 1.0, 1.0 
 177, 34.057861328125, 24.971153259277344, 9.086708068847656, 0.0% 
./sample_data/real/modi_BPI_2012_2012-03-12.csv, 1.0, 1.0 
 1648, 254.2494900226593, 243.60825872421265, 10.641231298446655, 0.0% 
./sample_data/real/modi_BPI_2012_2012-03-13.csv, 1.0, 1.0 
 1800, 270.9867310523987, 260.7962455749512, 10.19048547744751, 0.0% 
./sample_data/real/modi_BPI_2012_2012-03-14.csv, 1.0, 1.0 
 2157, 401.47815990448, 391.25358057022095, 10.224579334259033, 0.0% 
./sample_data/real/modi_BPI_2012_2012-03-15.csv, 1.0, 1.0 
 20, 11.791722059249878, 0.9028134346008301, 10.888908624649048, 0.0% 
