#Artificial - RQ3 for suggested

./sample_data/artificial/testlog_0806_1_90.csv, 0.2, 0.2 
 5103, 5.630635023117065, 0, 5.630635023117065, 0.0% 
./sample_data/artificial/testlog_0806_1_90.csv, 0.2, 0.2 
 4963, 5.582613945007324, 0, 5.582613945007324, 10.0% 
./sample_data/artificial/testlog_0806_1_90.csv, 0.2, 0.2 
 4931, 5.722113132476807, 0, 5.722113132476807, 20.0% 
./sample_data/artificial/testlog_0806_1_90.csv, 0.2, 0.2 
 5048, 5.974998712539673, 0, 5.974998712539673, 30.0% 
./sample_data/artificial/testlog_0806_1_90.csv, 0.2, 0.2 
 4943, 5.837682247161865, 0, 5.837682247161865, 40.0% 
./sample_data/artificial/testlog_0806_1_90.csv, 0.2, 0.2 
 5896, 5.8619771003723145, 0, 5.8619771003723145, 50.0% 
./sample_data/artificial/testlog_0806_1_90.csv, 0.2, 0.2 
 6387, 5.779285192489624, 0, 5.779285192489624, 60.0% 
./sample_data/artificial/testlog_0806_1_90.csv, 0.2, 0.2 
 6548, 5.832628965377808, 0, 5.832628965377808, 70.0% 
./sample_data/artificial/testlog_0806_1_90.csv, 0.2, 0.2 
 6299, 5.823589086532593, 0, 5.823589086532593, 80.0% 
./sample_data/artificial/testlog_0806_1_90.csv, 0.2, 0.2 
 6432, 5.65547776222229, 0, 5.65547776222229, 90.0% 
./sample_data/artificial/testlog_0806_1_90.csv, 0.2, 0.2 
 6598, 5.942820072174072, 0, 5.942820072174072, 100.0% 
./sample_data/artificial/testlog_0806_1_110.csv, 0.2, 0.2 
 5814, 5.7239720821380615, 0, 5.7239720821380615, 0.0% 
./sample_data/artificial/testlog_0806_1_110.csv, 0.2, 0.2 
 5968, 5.587285995483398, 0, 5.587285995483398, 10.0% 
./sample_data/artificial/testlog_0806_1_110.csv, 0.2, 0.2 
 5884, 5.599859237670898, 0, 5.599859237670898, 20.0% 
./sample_data/artificial/testlog_0806_1_110.csv, 0.2, 0.2 
 6050, 5.565607070922852, 0, 5.565607070922852, 30.0% 
./sample_data/artificial/testlog_0806_1_110.csv, 0.2, 0.2 
 5964, 5.524852991104126, 0, 5.524852991104126, 40.0% 
./sample_data/artificial/testlog_0806_1_110.csv, 0.2, 0.2 
 6701, 5.668614864349365, 0, 5.668614864349365, 50.0% 
./sample_data/artificial/testlog_0806_1_110.csv, 0.2, 0.2 
 7601, 5.646060943603516, 0, 5.646060943603516, 60.0% 
./sample_data/artificial/testlog_0806_1_110.csv, 0.2, 0.2 
 7675, 5.701467037200928, 0, 5.701467037200928, 70.0% 
./sample_data/artificial/testlog_0806_1_110.csv, 0.2, 0.2 
 7525, 5.700970411300659, 0, 5.700970411300659, 80.0% 
./sample_data/artificial/testlog_0806_1_110.csv, 0.2, 0.2 
 7769, 5.647000789642334, 0, 5.647000789642334, 90.0% 
./sample_data/artificial/testlog_0806_1_110.csv, 0.2, 0.2 
 7919, 5.7178521156311035, 0, 5.7178521156311035, 100.0% 
./sample_data/artificial/testlog_0806_1_130.csv, 0.2, 0.2 
 6699, 5.62405800819397, 0, 5.62405800819397, 0.0% 
./sample_data/artificial/testlog_0806_1_130.csv, 0.2, 0.2 
 6794, 5.623163938522339, 0, 5.623163938522339, 10.0% 
./sample_data/artificial/testlog_0806_1_130.csv, 0.2, 0.2 
 6874, 5.708024263381958, 0, 5.708024263381958, 20.0% 
./sample_data/artificial/testlog_0806_1_130.csv, 0.2, 0.2 
 7060, 5.7059149742126465, 0, 5.7059149742126465, 30.0% 
./sample_data/artificial/testlog_0806_1_130.csv, 0.2, 0.2 
 6865, 5.6662890911102295, 0, 5.6662890911102295, 40.0% 
./sample_data/artificial/testlog_0806_1_130.csv, 0.2, 0.2 
 7758, 5.759986162185669, 0, 5.759986162185669, 50.0% 
./sample_data/artificial/testlog_0806_1_130.csv, 0.2, 0.2 
 8616, 5.946765899658203, 0, 5.946765899658203, 60.0% 
./sample_data/artificial/testlog_0806_1_130.csv, 0.2, 0.2 
 8549, 5.799309015274048, 0, 5.799309015274048, 70.0% 
./sample_data/artificial/testlog_0806_1_130.csv, 0.2, 0.2 
 8710, 5.781329870223999, 0, 5.781329870223999, 80.0% 
./sample_data/artificial/testlog_0806_1_130.csv, 0.2, 0.2 
 9082, 5.83263635635376, 0, 5.83263635635376, 90.0% 
./sample_data/artificial/testlog_0806_1_130.csv, 0.2, 0.2 
 9033, 5.918282985687256, 0, 5.918282985687256, 100.0% 
./sample_data/artificial/testlog_0806_1_150.csv, 0.2, 0.2 
 8366, 5.77541708946228, 0, 5.77541708946228, 0.0% 
./sample_data/artificial/testlog_0806_1_150.csv, 0.2, 0.2 
 8371, 5.745360851287842, 0, 5.745360851287842, 10.0% 
./sample_data/artificial/testlog_0806_1_150.csv, 0.2, 0.2 
 8460, 5.826952934265137, 0, 5.826952934265137, 20.0% 
./sample_data/artificial/testlog_0806_1_150.csv, 0.2, 0.2 
 8724, 5.84087610244751, 0, 5.84087610244751, 30.0% 
./sample_data/artificial/testlog_0806_1_150.csv, 0.2, 0.2 
 8544, 5.760019779205322, 0, 5.760019779205322, 40.0% 
./sample_data/artificial/testlog_0806_1_150.csv, 0.2, 0.2 
 9466, 5.881906986236572, 0, 5.881906986236572, 50.0% 
./sample_data/artificial/testlog_0806_1_150.csv, 0.2, 0.2 
 10773, 6.207027912139893, 0, 6.207027912139893, 60.0% 
./sample_data/artificial/testlog_0806_1_150.csv, 0.2, 0.2 
 10764, 5.983284950256348, 0, 5.983284950256348, 70.0% 
./sample_data/artificial/testlog_0806_1_150.csv, 0.2, 0.2 
 10656, 5.8948469161987305, 0, 5.8948469161987305, 80.0% 
./sample_data/artificial/testlog_0806_1_150.csv, 0.2, 0.2 
 10833, 5.907847166061401, 0, 5.907847166061401, 90.0% 
./sample_data/artificial/testlog_0806_1_150.csv, 0.2, 0.2 
 10828, 6.008533000946045, 0, 6.008533000946045, 100.0% 
