#Artificial - RQ1, RQ2 for baseline

./sample_data/artificial/testlog_0806_1_40.csv, 0.3, 0.3 
 2223, 33.4149010181427, 27.5680730342865, 5.846827983856201, 0.0% 
./sample_data/artificial/testlog_0806_1_60.csv, 0.3, 0.3 
 3654, 49.04114103317261, 41.556888580322266, 7.484252452850342, 0.0% 
./sample_data/artificial/testlog_0806_1_80.csv, 0.3, 0.3 
 4655, 60.535552978515625, 54.53316307067871, 6.002389907836914, 0.0% 
./sample_data/artificial/testlog_0806_1_100.csv, 0.3, 0.3 
 5706, 74.00849413871765, 68.00676608085632, 6.001728057861328, 0.0% 
./sample_data/artificial/testlog_0806_1_120.csv, 0.3, 0.3 
 6763, 88.80517029762268, 82.83369135856628, 5.9714789390563965, 0.0% 
./sample_data/artificial/testlog_0806_1_140.csv, 0.3, 0.3 
 7671, 104.09661674499512, 98.01672267913818, 6.079894065856934, 0.0% 
./sample_data/artificial/testlog_0806_1_40.csv, 0.2, 0.2 
 2349, 32.33695578575134, 26.8310489654541, 5.505906820297241, 0.0% 
./sample_data/artificial/testlog_0806_1_60.csv, 0.2, 0.2 
 3538, 44.71963381767273, 39.252166986465454, 5.467466831207275, 0.0% 
./sample_data/artificial/testlog_0806_1_80.csv, 0.2, 0.2 
 4606, 60.84056496620178, 55.21774482727051, 5.622820138931274, 0.0% 
./sample_data/artificial/testlog_0806_1_100.csv, 0.2, 0.2 
 5682, 72.92290592193604, 66.95920515060425, 5.963700771331787, 0.0% 
./sample_data/artificial/testlog_0806_1_120.csv, 0.2, 0.2 
 6628, 88.04818820953369, 81.98972797393799, 6.058460235595703, 0.0% 
./sample_data/artificial/testlog_0806_1_140.csv, 0.2, 0.2 
 7755, 102.148677110672, 95.88977003097534, 6.258907079696655, 0.0% 
./sample_data/artificial/testlog_0806_1_40.csv, 0.1, 0.1 
 2519, 32.758243799209595, 27.346447467803955, 5.41179633140564, 0.0% 
./sample_data/artificial/testlog_0806_1_60.csv, 0.1, 0.1 
 3538, 46.370129346847534, 40.970579385757446, 5.399549961090088, 0.0% 
./sample_data/artificial/testlog_0806_1_80.csv, 0.1, 0.1 
 4845, 59.785561084747314, 53.9904887676239, 5.795072317123413, 0.0% 
./sample_data/artificial/testlog_0806_1_100.csv, 0.1, 0.1 
 5908, 73.83107423782349, 67.90530848503113, 5.925765752792358, 0.0% 
./sample_data/artificial/testlog_0806_1_120.csv, 0.1, 0.1 
 6696, 88.17267298698425, 82.21898674964905, 5.953686237335205, 0.0% 
./sample_data/artificial/testlog_0806_1_140.csv, 0.1, 0.1 
 7933, 106.83236789703369, 99.65672826766968, 7.175639629364014, 0.0% 
./sample_data/artificial/testlog_0806_1_40.csv, 0.4, 0.4 
 2297, 33.27103114128113, 27.67364263534546, 5.597388505935669, 0.0% 
./sample_data/artificial/testlog_0806_1_60.csv, 0.4, 0.4 
 3500, 46.143293142318726, 40.53095197677612, 5.6123411655426025, 0.0% 
./sample_data/artificial/testlog_0806_1_80.csv, 0.4, 0.4 
 4565, 61.689704179763794, 55.48791527748108, 6.201788902282715, 0.0% 
./sample_data/artificial/testlog_0806_1_40.csv, 0.5, 0.5 
 2371, 34.80781102180481, 29.329021692276, 5.478789329528809, 0.0% 
./sample_data/artificial/testlog_0806_1_60.csv, 0.5, 0.5 
 3493, 47.931401014328, 42.14574384689331, 5.785657167434692, 0.0% 
./sample_data/artificial/testlog_0806_1_80.csv, 0.5, 0.5 
 4732, 60.54988384246826, 54.5202739238739, 6.02960991859436, 0.0% 
./sample_data/artificial/testlog_0806_1_40.csv, 0.6, 0.6 
 2289, 33.1370849609375, 27.677393674850464, 5.459691286087036, 0.0% 
./sample_data/artificial/testlog_0806_1_60.csv, 0.6, 0.6 
 3591, 46.466241121292114, 40.826213121414185, 5.64002799987793, 0.0% 
./sample_data/artificial/testlog_0806_1_80.csv, 0.6, 0.6 
 4595, 59.597012996673584, 53.7468204498291, 5.850192546844482, 0.0% 
./sample_data/artificial/testlog_0806_1_160.csv, 0.3, 0.3 
 9015, 118.89222502708435, 112.80248928070068, 6.089735746383667, 0.0% 
./sample_data/artificial/testlog_0806_1_90.csv, 0.3, 0.3 
 5082, 68.18622827529907, 62.18194365501404, 6.004284620285034, 0.0% 
./sample_data/artificial/testlog_0806_1_110.csv, 0.3, 0.3 
 5821, 81.82553005218506, 75.62256574630737, 6.2029643058776855, 0.0% 
./sample_data/artificial/testlog_0806_1_130.csv, 0.3, 0.3 
 6713, 90.40973091125488, 84.35382413864136, 6.055906772613525, 0.0% 
./sample_data/artificial/testlog_0806_1_150.csv, 0.3, 0.3 
 8563, 105.07221698760986, 98.857257604599, 6.214959383010864, 0.0% 
./sample_data/artificial/testlog_0806_1_90.csv, 0.3, 0.3 
 4780, 69.51343512535095, 63.805049657821655, 5.708385467529297, 0.0% 
./sample_data/artificial/testlog_0806_1_140.csv, 0.3, 0.3 
 7606, 108.19467997550964, 101.60956048965454, 6.5851194858551025, 0.0% 
./sample_data/artificial/testlog_0806_1_140.csv, 0.3, 0.3 
 7547, 107.49030494689941, 101.14445734024048, 6.3458476066589355, 0.0% 
./sample_data/artificial/testlog_0806_1_140.csv, 0.3, 0.3 
 7418, 111.60650110244751, 104.66923141479492, 6.937269687652588, 0.0% 
./sample_data/artificial/testlog_0806_1_80.csv, 0.3, 0.3 
 4021, 82.75311183929443, 71.16728353500366, 11.585828304290771, 0.0% 
./sample_data/artificial/testlog_0806_1_90.csv, 0.3, 0.3 
 4904, 84.01057410240173, 73.65346622467041, 10.357107877731323, 0.0% 
./sample_data/artificial/testlog_0806_1_100.csv, 0.3, 0.3 
 5607, 83.51501798629761, 76.76660490036011, 6.7484130859375, 0.0% 
./sample_data/artificial/testlog_0806_1_110.csv, 0.3, 0.3 
 5977, 88.64278984069824, 81.91210770606995, 6.730682134628296, 0.0% 
./sample_data/artificial/testlog_0806_1_120.csv, 0.3, 0.3 
 6935, 104.54178094863892, 98.01526880264282, 6.526512145996094, 0.0% 
./sample_data/artificial/testlog_0806_1_130.csv, 0.3, 0.3 
 6995, 111.13334107398987, 102.6516752243042, 8.481665849685669, 0.0% 
./sample_data/artificial/testlog_0806_1_140.csv, 0.3, 0.3 
 6731, 124.06069493293762, 115.0638496875763, 8.996845245361328, 0.0% 
./sample_data/artificial/testlog_0806_1_150.csv, 0.3, 0.3 
 9730, 115.09317111968994, 107.34004259109497, 7.753128528594971, 0.0% 
./sample_data/artificial/testlog_0806_1_160.csv, 0.3, 0.3 
 9735, 119.1850037574768, 112.64593243598938, 6.539071321487427, 0.0% 
./sample_data/artificial/testlog_0806_1_140.csv, 0.3, 0.3 
 8178, 110.61288118362427, 103.71121048927307, 6.901670694351196, 0.0% 
./sample_data/artificial/testlog_0806_1_150.csv, 0.3, 0.3 
 8525, 114.47938203811646, 108.36973166465759, 6.109650373458862, 0.0% 
./sample_data/artificial/testlog_0806_1_120.csv, 0.3, 0.3 
 6690, 94.68193888664246, 88.90831685066223, 5.773622035980225, 0.0% 
./sample_data/artificial/testlog_0806_1_160.csv, 0.3, 0.3 
 9508, 127.92239093780518, 121.5841965675354, 6.338194370269775, 0.0% 
./sample_data/artificial/testlog_0806_1_110.csv, 0.3, 0.3 
 5973, 89.24856495857239, 81.76158475875854, 7.486980199813843, 0.0% 
./sample_data/artificial/testlog_0806_1_110.csv, 0.3, 0.3 
 5643, 85.26935911178589, 77.74108958244324, 7.528269529342651, 0.0% 
./sample_data/artificial/testlog_0806_1_100.csv, 0.3, 0.3 
 5420, 81.0549328327179, 73.1597547531128, 7.8951780796051025, 0.0% 
./sample_data/artificial/testlog_0806_1_80.csv, 0.3, 0.3 
 4593, 63.45645499229431, 56.540804624557495, 6.915650367736816, 0.0% 
./sample_data/artificial/testlog_0806_1_90.csv, 0.3, 0.3 
 4404, 67.93901419639587, 62.339792013168335, 5.599222183227539, 0.0% 
./sample_data/artificial/testlog_0806_1_90.csv, 0.3, 0.3 
 4854, 67.7761607170105, 61.50806999206543, 6.268090724945068, 0.0% 
./sample_data/artificial/testlog_0806_1_90.csv, 0.3, 0.3 
 4680, 77.79218697547913, 69.61000037193298, 8.182186603546143, 0.0% 
./sample_data/artificial/testlog_0806_1_90.csv, 0.3, 0.3 
 4894, 66.13683891296387, 59.16809916496277, 6.968739748001099, 0.0% 
./sample_data/artificial/testlog_0806_1_90.csv, 0.3, 0.3 
 5027, 68.469477891922, 61.042235136032104, 7.427242755889893, 0.0% 
./sample_data/artificial/testlog_0806_1_90.csv, 0.3, 0.3 
 4541, 72.7728979587555, 65.18476891517639, 7.588129043579102, 0.0% 
./sample_data/artificial/testlog_0806_1_90.csv, 0.3, 0.3 
 4871, 64.64610600471497, 59.078956604003906, 5.56714940071106, 0.0% 
./sample_data/artificial/testlog_0806_1_90.csv, 0.3, 0.3 
 4888, 626.9513008594513, 605.7656345367432, 21.18566632270813, 0.0% 
./sample_data/artificial/testlog_0806_1_90.csv, 0.3, 0.3 
 4858, 72.32102990150452, 63.27546501159668, 9.045564889907837, 0.0% 
